10111101 10111101 10111101 10111101 10111101 10111101
10111101 10111101 10111101 10001001 10001001 10001001
10111101 10111101 10111101 10111101 10111101 10111101
10111101 10111101 10111101 01101101 01101101 01101101
10000011 10000011 10000011 10001001 10001001 10001001
10000011 10000011 10000011 10000011 10000011 10000011
01111101 01111101 01111101 01111101 01111101 01111101
01111101 01111101 01111101 01111101 01111101 01111101
01111101 01111101 01111101 01111101 01111101 01111101
01111101 01111101 01111101 01111000 01111000 01111000
01111000 01111000 01111000 01111000 01111000 01111000
01111000 01111000 01111000 01111000 01111000 01111000
01111000 01111000 01111000 01111000 01111000 01111000
01110001 01110001 01110001 01111101 01111101 01111101
10111101 10111101 10111101 10111101 10111101 10111101
10111101 10111101 10111101 10001001 10001001 10001001
10111101 10111101 10111101 10111101 10111101 10111101
10111101 10111101 10111101 00111011 00111100 00111101
01011111 01011111 01011111 01011111 01011111 01011111
01011111 01011111 01011111 00001111 00101011 00100011
00000001 10111110 10001111 00000000 11001011 10100110
00000000 10110101 10101111 00000000 10011110 10111001
00000000 10010001 10111100 00000000 01111101 10111111
00000000 01101011 11000000 00000000 01101011 11000000
00000000 01011110 11000000 00000000 01011110 11000000
00000000 01010001 11000001 00000000 01010001 11000001
00000000 01000011 11000000 00000000 00110101 11000000
00000000 00101001 11000000 00000000 00100010 11000011
00000000 00100010 11000011 00000000 00100010 11000011
00000001 00010111 10010001 00111011 00111100 00111101
01011111 01011111 01011111 01011111 01011111 01011111
01011111 01011111 01011111 01100110 01100110 01100110
10111101 10111101 10111101 10111101 10111101 10111101
10111101 10111101 10111101 00111011 00111100 00111101
10001001 10001001 10001001 10010011 10010011 10010011
01111101 01111101 01111101 00001111 00101011 00100011
00000101 11000001 10001000 00000000 11001011 10100110
00000000 10110101 10101111 00000000 10100101 10110101
00000000 10010001 10111100 00000000 01111101 10111111
00000000 01111101 10111111 00000000 01101011 11000000
00000000 01011110 11000000 00000000 01011110 11000000
00000000 01010001 11000001 00000000 01010001 11000001
00000000 01000011 11000000 00000000 00110101 11000000
00000000 00110101 11000000 00000000 00101001 11000000
00000000 00100010 11000011 00000000 00100010 11000011
00000001 00011010 10010001 00111011 00111100 00111101
10001001 10001001 10001001 10010011 10010011 10010011
01111101 01111101 01111101 01100110 01100110 01100110
10111101 10111101 10111101 10111101 10111101 10111101
10111101 10111101 10111101 10010011 10010011 10010011
10111101 10111101 10111101 10111101 10111101 10111101
10111101 10111101 10111101 00110011 00111000 00111010
00011101 10101011 01111010 00010111 10110101 10001000
00010110 10101000 10010111 00011100 10010111 10011100
00011100 10001010 10100001 00011100 01111110 10100100
00011100 01110011 10100101 00011100 01101010 10100101
00011100 01100001 10100101 00011100 01100001 10100101
00011100 01011000 10100101 00011100 01011000 10100101
00011100 01001100 10100101 00011100 01001100 10100101
00011100 00111100 10100110 00011100 00111100 10100110
00011100 00111100 10100110 00011100 00111100 10100110
00010101 00101001 01111101 01011111 01011111 01011111
10111101 10111101 10111101 10111101 10111101 10111101
01110001 01110001 01110001 01110001 01110001 01110001
10000011 10000011 10000011 01001000 01001000 01001000
01001000 01001000 01001000 01100110 01100110 01100110
01001000 01001000 01001000 01001000 01001000 01001000
01001000 01001000 01001000 00111111 00111111 00111111
00111100 01000010 01000001 00111100 01000010 01000001
00111100 01000010 01000001 00111100 01000010 01000001
00111100 01000010 01000001 00111010 00111110 01000000
00111010 00111110 01000000 00111010 00111110 01000000
00111011 00111100 00111101 00111011 00111100 00111101
00111011 00111100 00111101 00110011 00111000 00111010
00110011 00111000 00111010 00110011 00111000 00111010
00110011 00111000 00111010 00110011 00111000 00111010
00110011 00111000 00111010 00111011 00111100 00111101
01001000 01001000 01001000 01011111 01011111 01011111
10111101 10111101 10111101 10111101 10111101 10111101
01110001 01110001 01110001 01110001 01110001 01110001
01111101 01111101 01111101 00101111 00101111 00101111
00101111 00101111 00101111 01100110 01100110 01100110
01010100 01010100 01010100 00111111 00111111 00111111
00101011 00101011 00101011 10000011 10000011 10000011
10000011 10000011 10000011 10111101 10111101 10111101
10111101 10111101 10111101 10010011 10010011 10010011
10010011 10010011 10010011 00100001 00100001 00100001
00100001 00100001 00100001 00100001 00100001 00100001
10000011 10000011 10000011 01100110 01100110 01100110
00101011 00101011 00101011 00111001 00111001 00111001
01100110 01100110 01100110 01100110 01100110 01100110
01100110 01100110 01100110 01100110 01100110 01100110
01100110 01100110 01100110 00100001 00100001 00100001
00111111 00111111 00111111 00001110 00001110 00001110
01011111 01011111 01011111 01011111 01011111 01011111
01011111 01011111 01011111 01100110 01100110 01100110
01111101 01111101 01111101 00101011 00101011 00101011
10000011 10000011 10000011 10011110 10011110 10011110
10001001 10001001 10001001 01111000 01111000 01111000
00101111 00101111 00101111 01010100 01010100 01010100
10000011 10000011 10000011 10010011 10010011 10010011
00100001 00100001 00100001 00100001 00100001 00100001
00100001 00100001 00100001 01100110 01100110 01100110
01100110 01100110 01100110 01100110 01100110 01100110
00111001 00111001 00111001 10010011 10010011 10010011
00111011 00111100 00111101 01010100 01010100 01010100
01100110 01100110 01100110 01100110 01100110 01100110
10111101 10111101 10111101 10111101 10111101 10111101
10111101 10111101 10111101 01100110 01100110 01100110
00111111 00111111 00111111 00111011 00111100 00111101
10001001 10001001 10001001 10010011 10010011 10010011
10010011 10010011 10010011 01100110 01100110 01100110
01111101 01111101 01111101 00101011 00101011 00101011
01111101 01111101 01111101 01110001 01110001 01110001
10000011 10000011 10000011 10000011 10000011 10000011
01010100 01010100 01010100 10111101 10111101 10111101
10000011 10000011 10000011 01001000 01001000 01001000
00111001 00111001 00111001 00100001 00100001 00100001
01001111 01001111 01001111 10111101 10111101 10111101
00111111 00111111 00111111 01101101 01101101 01101101
01110011 01110011 01110011 10011001 10011001 10011001
00101111 00101111 00101111 01001000 01001000 01001000
01100110 01100110 01100110 01001000 01001000 01001000
01101101 01101101 01101101 10000011 10000011 10000011
01100110 01100110 01100110 01100110 01100110 01100110
00111111 00111111 00111111 01011111 01011111 01011111
10111101 10111101 10111101 10111101 10111101 10111101
01110001 01110001 01110001 01110001 01110001 01110001
01111101 01111101 01111101 10000011 10000011 10000011
01001000 01001000 01001000 10011110 10011110 10011110
01111101 01111101 01111101 00110011 00110011 00110011
01001000 01001000 01001000 10101101 10101101 10101101
01001000 01001000 01001000 01110001 01110001 01110001
01100011 01100011 01100011 10010011 10010011 10010011
10011001 10011001 10011001 00111111 00111111 00111111
10010011 10010011 10010011 01001000 01001000 01001000
01101101 01101101 01101101 10011110 10011110 10011110
01001000 01001000 01001000 10000011 10000011 10000011
00111111 00111111 00111111 10001100 10001100 10001100
00111001 00111001 00111001 01101101 01101101 01101101
01101101 01101101 01101101 01100110 01100110 01100110
00111111 00111111 00111111 01011111 01011111 01011111
10111101 10111101 10111101 10111101 10111101 10111101
01110001 01110001 01110001 01110001 01110001 01110001
01111101 01111101 01111101 10111101 10111101 10111101
00100001 00100001 00100001 00101111 00101111 00101111
01110001 01110001 01110001 10010011 10010011 10010011
00111001 00111001 00111001 10011110 10011110 10011110
10111101 10111101 10111101 01110001 01110001 01110001
01100011 01100011 01100011 00100001 00100001 00100001
10011001 10011001 10011001 01010100 01010100 01010100
10001001 10001001 10001001 10111101 10111101 10111101
00110011 00110011 00110011 10010011 10010011 10010011
01001000 01001000 01001000 10000011 10000011 10000011
01100011 01100011 01100011 01100011 01100011 01100011
00001110 00001110 00001110 00110011 00110011 00110011
10001100 10001100 10001100 01100110 01100110 01100110
00111111 00111111 00111111 00001110 00001110 00001110
01011111 01011111 01011111 01100110 01100110 01100110
10111101 10111101 10111101 01100110 01100110 01100110
01111000 01111000 01111000 00100001 00100001 00100001
00111001 00111001 00111001 00111001 00111001 00111001
01100110 01100110 01100110 10011110 10011110 10011110
00111011 00111100 00111101 10011110 10011110 10011110
00101011 00101011 00101011 01100011 01100011 01100011
01110001 01110001 01110001 00110011 00110011 00110011
10101101 10101101 10101101 01001000 01001000 01001000
10010011 10010011 10010011 10000011 10000011 10000011
01010100 01010100 01010100 10011110 10011110 10011110
01001000 01001000 01001000 10000011 10000011 10000011
01001111 01001111 01001111 01111101 01111101 01111101
01100110 01100110 01100110 01001111 01001111 01001111
01110001 01110001 01110001 10111101 10111101 10111101
00111111 00111111 00111111 00111011 00111100 00111101
10111101 10111101 10111101 10010011 10010011 10010011
10010011 10010011 10010011 01100110 01100110 01100110
01111000 01111000 01111000 01100110 01100110 01100110
01010100 01010100 01010100 10010011 10010011 10010011
10010011 10010011 10010011 10000011 10000011 10000011
01100110 01100110 01100110 01110011 01110011 01110011
01100011 01100011 01100011 00101111 00101111 00101111
10000011 10000011 10000011 01111000 01111000 01111000
01111000 01111000 01111000 10010011 10010011 10010011
01100011 01100011 01100011 10000011 10000011 10000011
01110001 01110001 01110001 01100011 01100011 01100011
00101111 00101111 00101111 01010100 01010100 01010100
10111101 10111101 10111101 01100011 01100011 01100011
01111101 01111101 01111101 01101101 01101101 01101101
01100110 01100110 01100110 10111101 10111101 10111101
00111111 00111111 00111111 01011111 01011111 01011111
10111101 10111101 10111101 10111101 10111101 10111101
01110001 01110001 01110001 01110001 01110001 01110001
01111000 01111000 01111000 01100110 01100110 01100110
01100110 01100110 01100110 01100110 01100110 01100110
01100110 01100110 01100110 01100110 01100110 01100110
10111101 10111101 10111101 01100110 01100110 01100110
01100110 01100110 01100110 10111101 10111101 10111101
01100110 01100110 01100110 10111101 10111101 10111101
10111101 10111101 10111101 00001110 00001110 00001110
00001110 00001110 00001110 10111101 10111101 10111101
00001110 00001110 00001110 00001110 00001110 00001110
00001110 00001110 00001110 00111011 00111100 00111101
00111011 00111100 00111101 00111011 00111100 00111101
00001110 00001110 00001110 00111011 00111100 00111101
00111011 00111100 00111101 00001110 00001110 00001110
00111111 00111111 00111111 01011111 01011111 01011111
10111101 10111101 10111101 10111101 10111101 10111101
01110001 01110001 01110001 01110001 01110001 01110001
10011001 10011001 10011001 01110011 01110011 01110011
01100110 01100110 01100110 00111011 00111100 00111101
00111011 00111100 00111101 00111011 00111100 00111101
00111011 00111100 00111101 00111111 00111111 00111111
01010100 01010100 00111001 01010100 01010100 00111001
01010100 01010100 00111001 01010100 01010100 00111001
01010100 01010100 00111001 01010100 01010100 00111001
01001011 01010010 00110111 01001011 01010010 00110111
01001011 01010010 00110111 00111111 01010000 00111000
00111111 01010000 00111000 00111111 01010000 00111000
00111111 01010000 00111000 00110101 01001101 01000010
00110101 01001101 01000010 00110101 01001101 01000010
00110101 01001101 01000010 00111010 01001101 01001100
00111010 01001101 01001100 10111101 10111101 10111101
01011111 01011111 01011111 01100110 01100110 01100110
01100011 01100011 01100011 01100110 01100110 01100110
10111101 10111101 10111101 10111101 10111101 10111101
10111101 10111101 10111101 10111101 10111101 10111101
10111101 10111101 10111101 10010011 10010011 10010011
10000011 10000011 10000011 00111110 00111110 00111110
11001000 10111001 00001000 11011001 11010011 00010001
11011000 11010100 00010001 11010001 11010100 00010001
11010001 11010100 00010001 11000100 11010001 00010001
10110101 11001110 00010001 10100001 11001100 00010001
10001011 11001011 00010001 01110010 11001011 00010100
01011011 11001010 00011011 01000110 11001001 00100111
00110101 11000111 00111001 00100011 11001110 01001011
00010010 11000110 01110000 00010111 10110101 10001000
00010111 10110101 10001000 00010110 10101000 10010111
00001000 10000010 01110010 00110011 00110011 00110011
10111101 10111101 10111101 10010011 10010011 10010011
10010011 10010011 10010011 01101101 01101101 01101101
10111101 10111101 10111101 10111101 10111101 10111101
10111101 10111101 10111101 10111101 10111101 10111101
10111101 10111101 10111101 10111101 10111101 10111101
10111101 10111101 10111101 00111110 00111110 00111110
11001000 10111001 00001000 11100110 11011011 00000001
11100111 11100000 00000001 11100111 11100000 00000001
11011100 11100010 00000000 11011000 11100001 00000000
11000111 11011111 00000001 10101111 11011101 00000001
10010111 11011011 00000001 01111110 11011010 00000011
01100100 11011010 00001001 01001010 11011000 00010101
00110101 11010110 00100111 00100100 11010011 00111111
00010110 11001110 01011011 00010010 11000110 01110000
00000101 11000001 10001000 00000101 10111000 10011001
00001000 10000010 01110010 01011111 01011111 01011111
10111101 10111101 10111101 10111101 10111101 10111101
10111101 10111101 10111101 01110001 01110001 01110001
10111101 10111101 10111101 10111101 10111101 10111101
10111101 10111101 10111101 01100110 01100110 01100110
10111101 10111101 10111101 10111101 10111101 10111101
10111101 10111101 10111101 00111110 00111110 00111110
11001000 10111001 00001000 11100011 11001110 00000000
11100101 11010001 00000000 11100110 11011011 00000001
11100000 11011111 00000000 11011100 11100010 00000000
11010001 11100001 00000000 10111100 11011111 00000000
10101111 11011101 00000001 10010111 11011011 00000001
01110111 11011010 00000111 01011100 11011001 00001111
01000101 11010111 00011110 00110001 11010101 00110001
00100011 11001110 01001011 00010110 11001110 01011011
00010010 11000110 01110000 00000101 11000001 10001000
00001000 10000010 01110010 01011111 01011111 01011111
10111101 10111101 10111101 10111101 10111101 10111101
10111101 10111101 10111101 01110001 01110001 01110001
10111101 10111101 10111101 10111101 10111101 10111101
10111101 10111101 10111101 00110011 00110011 00110011
01011111 01011111 01011111 01100110 01100110 01100110
01011010 01011010 01011010 00111001 00111001 00111001
11001000 10100010 00000001 11100010 10111111 00000000
11100011 11001000 00000000 11100101 11010001 00000000
11100011 11011000 00000000 11100000 11011111 00000000
11011000 11100001 00000000 11001101 11100001 00000000
10111100 11011111 00000000 10100110 11011101 00000000
10001110 11011011 00000010 01110111 11011010 00000111
01011100 11011001 00001111 01000101 11010111 00011110
00110001 11010101 00110001 00100011 11001110 01001011
00010110 11001110 01011011 00010010 11000110 01110000
00001001 10010000 01011011 00110011 00110011 00110011
01011111 01011111 01011111 01100110 01100110 01100110
01011010 01011010 01011010 01101101 01101101 01101101
10111101 10111101 10111101 10111101 10111101 10111101
10111101 10111101 10111101 10111101 10111101 10111101
10111101 10111101 10111101 10010011 10010011 10010011
10111101 10111101 10111101 00111001 00111001 00111001
11000111 10001010 00000001 11100000 10101111 00000000
11100001 10110110 00000000 11100010 11000001 00000000
11100011 11001110 00000000 11100011 11011000 00000000
11100000 11011111 00000000 11011000 11100001 00000000
11001101 11100001 00000000 10111100 11011111 00000000
10100110 11011101 00000000 10001110 11011011 00000010
01110011 11011010 00000111 01011100 11011001 00001111
01000101 11010111 00011110 00110001 11010101 00110001
00100100 11010011 00111111 00010110 11001110 01011011
00010011 10011000 00111100 00110011 00110011 00110011
10111101 10111101 10111101 10010011 10010011 10010011
10111101 10111101 10111101 01101101 01101101 01101101
10111101 10111101 10111101 10111101 10111101 10111101
10111101 10111101 10111101 10111101 10111101 10111101
10111101 10111101 10111101 10111101 10111101 10111101
10111101 10111101 10111101 00111001 00111001 00111001
11000111 10001010 00000001 11011111 10010100 00000000
11011111 10100100 00000000 11100000 10110001 00000000
11100010 11000001 00000000 11100011 11001110 00000000
11100011 11011000 00000000 11100000 11011111 00000000
11011000 11100001 00000000 11001101 11100001 00000000
10111100 11011111 00000000 10100110 11011101 00000000
10001110 11011011 00000010 01110011 11011010 00000111
01011100 11011001 00001111 01000101 11010111 00011110
00110101 11010110 00100111 00100100 11010011 00111111
00010011 10011000 00111100 01100011 01100011 01100011
10111101 10111101 10111101 10111101 10111101 10111101
10111101 10111101 10111101 01110001 01110001 01110001
10111101 10111101 10111101 10111101 10111101 10111101
10111101 10111101 10111101 01100110 01100110 01100110
10111101 10111101 10111101 10111101 10111101 10111101
10111101 10111101 10111101 00111001 00111001 00111001
11000110 01110001 00000001 11011111 10001000 00000000
11011111 10010100 00000000 11011101 10011111 00000000
11100000 10110001 00000000 11100010 10111111 00000000
11100011 11001110 00000000 11100011 11011000 00000000
11100000 11011111 00000000 11011000 11100001 00000000
11001101 11100001 00000000 10111100 11011111 00000000
10100110 11011101 00000000 10001110 11011011 00000010
01110011 11011010 00000111 01011100 11011001 00001111
01001010 11011000 00010101 00110101 11010110 00100111
00100011 10011100 00011111 01011111 01011111 01011111
10111101 10111101 10111101 10111101 10111101 10111101
10111101 10111101 10111101 01110001 01110001 01110001
10111101 10111101 10111101 10111101 10111101 10111101
10111101 10111101 10111101 10111101 10111101 10111101
01100011 01100011 01100011 01100110 01100110 01100110
01011010 01011010 01011010 00110011 00110011 00110011
11000110 01100010 00000001 11011110 01110010 00000000
11011101 10000000 00000000 11011101 10001101 00000000
11011101 10011111 00000000 11100000 10101111 00000000
11100010 10111111 00000000 11100011 11001110 00000000
11100011 11011000 00000000 11100000 11011111 00000000
11011000 11100001 00000000 11001100 11100001 00000000
10111100 11011111 00000000 10100110 11011101 00000000
10001110 11011011 00000010 01110011 11011010 00000111
01011100 11011001 00001111 01001010 11011000 00010101
00111001 10011111 00001100 00110011 00110011 00110011
01100011 01100011 01100011 01100110 01100110 01100110
01011010 01011010 01011010 01101101 01101101 01101101
10111101 10111101 10111101 10111101 10111101 10111101
10111101 10111101 10111101 10111101 10111101 10111101
10001001 10001001 10001001 10010011 10010011 10010011
01111101 01111101 01111101 00110011 00110011 00110011
11000110 01010101 00000001 11011110 01100100 00000000
11011110 01110010 00000000 11011101 01111011 00000000
11011101 10001101 00000000 11011101 10011111 00000000
11100000 10101111 00000000 11100010 10111111 00000000
11100011 11001110 00000000 11100011 11011000 00000000
11100000 11011111 00000000 11011000 11100001 00000000
11001100 11100001 00000000 10111100 11011111 00000000
10100110 11011101 00000000 10001110 11011011 00000010
01110111 11011010 00000111 01100100 11011010 00001001
00111001 10011111 00001100 00110011 00110011 00110011
10001001 10001001 10001001 10010011 10010011 10010011
01111101 01111101 01111101 01110001 01110001 01110001
10111101 10111101 10111101 10111101 10111101 10111101
10111101 10111101 10111101 10111101 10111101 10111101
10111101 10111101 10111101 10111101 10111101 10111101
10111101 10111101 10111101 00110011 00110011 00110011
11000110 01001010 00000001 11011101 01011100 00000000
11011110 01100100 00000000 11011100 01101100 00000000
11011101 01111011 00000000 11011101 10001101 00000000
11011101 10011111 00000000 11100000 10101111 00000000
11100010 10111111 00000000 11100011 11001110 00000000
11100011 11011000 00000000 11100000 11011111 00000000
11011000 11100001 00000000 11001100 11100001 00000000
10111100 11011111 00000000 10100110 11011101 00000000
10001110 11011011 00000010 01111110 11011010 00000011
01010100 10100000 00000100 01100011 01100011 01100011
10111101 10111101 10111101 10111101 10111101 10111101
10111101 10111101 10111101 01110001 01110001 01110001
10111101 10111101 10111101 10111101 10111101 10111101
10111101 10111101 10111101 01100110 01100110 01100110
10111101 10111101 10111101 10111101 10111101 10111101
10111101 10111101 10111101 00110011 00110011 00110011
11000110 00111111 00000001 11011110 01001001 00000000
11011100 01010001 00000000 11011101 01011100 00000000
11011100 01101100 00000000 11011101 01111011 00000000
11011101 10001101 00000000 11011101 10011111 00000000
11100000 10101111 00000000 11100010 10111111 00000000
11100011 11001110 00000000 11100011 11011000 00000000
11100000 11011111 00000000 11011000 11100001 00000000
11001100 11100001 00000000 10111100 11011111 00000000
10100110 11011101 00000000 10010111 11011011 00000001
01101000 10100000 00000011 01100011 01100011 01100011
10111101 10111101 10111101 10111101 10111101 10111101
10111101 10111101 10111101 01110001 01110001 01110001
10111101 10111101 10111101 10111101 10111101 10111101
10111101 10111101 10111101 10111101 10111101 10111101
01011111 01011111 01011111 01101101 01101101 01101101
10111101 10111101 10111101 00110011 00110011 00110011
11000110 00110011 00000001 11011111 01000001 00000000
11011110 01001001 00000000 11011100 01010001 00000000
11011101 01011100 00000000 11011100 01101100 00000000
11011101 01111011 00000000 11011101 10001101 00000000
11011101 10011111 00000000 11100000 10101111 00000000
11100010 10111111 00000000 11100011 11001110 00000000
11100011 11011000 00000000 11100000 11011111 00000000
11011000 11100001 00000000 11001101 11100001 00000000
10111100 11011111 00000000 10101111 11011101 00000001
01111100 10100001 00000011 00110011 00110011 00110011
01011111 01011111 01011111 01101101 01101101 01101101
10111101 10111101 10111101 01110001 01110001 01110001
10111101 10111101 10111101 10111101 10111101 10111101
10111101 10111101 10111101 10111101 10111101 10111101
10001001 10001001 10001001 10010011 10010011 10010011
10000011 10000011 10000011 00110011 00110011 00110011
11000110 00110011 00000001 11011110 00110101 00000000
11011101 00111100 00000000 11011100 01000101 00000000
11011100 01010001 00000000 11011101 01011100 00000000
11011100 01101100 00000000 11011101 01111011 00000000
11011101 10001101 00000000 11011101 10011111 00000000
11100000 10101111 00000000 11100010 10111111 00000000
11100011 11001110 00000000 11100011 11011000 00000000
11100000 11011111 00000000 11011000 11100001 00000000
11010001 11100001 00000000 11000111 11011111 00000001
10001101 10100011 00000011 00110011 00110011 00110011
10001001 10001001 10001001 10010011 10010011 10010011
10000011 10000011 10000011 01110001 01110001 01110001
10111101 10111101 10111101 10111101 10111101 10111101
10111101 10111101 10111101 01110001 01110001 01110001
10111101 10111101 10111101 10111101 10111101 10111101
10111101 10111101 10111101 00110011 00110011 00110011
11000111 00100001 00000001 11011111 00101111 00000000
11011110 00110101 00000000 11011101 00111100 00000000
11011100 01000101 00000000 11011100 01010001 00000000
11011101 01011100 00000000 11011100 01101100 00000000
11011101 01111011 00000000 11011101 10001101 00000000
11011101 10011111 00000000 11100000 10101111 00000000
11100010 10111111 00000000 11100011 11001110 00000000
11100011 11011000 00000000 11100000 11011111 00000000
11011100 11100010 00000000 11011000 11100001 00000000
10100000 10100111 00000011 01011111 01011111 01011111
10111101 10111101 10111101 10111101 10111101 10111101
10111101 10111101 10111101 01110001 01110001 01110001
10111101 10111101 10111101 10111101 10111101 10111101
10111101 10111101 10111101 01110001 01110001 01110001
10111101 10111101 10111101 10111101 10111101 10111101
10111101 10111101 10111101 00110011 00110011 00110011
11000111 00100001 00000001 11011111 00101010 00000000
11011111 00101111 00000000 11011110 00110101 00000000
11011101 00111100 00000000 11011100 01000101 00000000
11011100 01010001 00000000 11011101 01011100 00000000
11011100 01101100 00000000 11011101 01111011 00000000
11011101 10001101 00000000 11011101 10011111 00000000
11100000 10110001 00000000 11100010 11000001 00000000
11100101 11010001 00000000 11100110 11011011 00000001
11100111 11100000 00000001 11100000 11011111 00000000
10100000 10100111 00000011 01011111 01011111 01011111
10111101 10111101 10111101 10111101 10111101 10111101
10111101 10111101 10111101 01110001 01110001 01110001
10111101 10111101 10111101 10111101 10111101 10111101
10111101 10111101 10111101 10111101 10111101 10111101
01011111 01011111 01011111 01101101 01101101 01101101
10000011 10000011 10000011 00110011 00110011 00110011
11000111 00100001 00000001 11100001 00100011 00000000
11011111 00101010 00000000 11011111 00101111 00000000
11011110 00110101 00000000 11011101 00111100 00000000
11011110 01001001 00000000 11011100 01010001 00000000
11011110 01100100 00000000 11011110 01110010 00000000
11011101 10000000 00000000 11011111 10010100 00000000
11011111 10100100 00000000 11100001 10110110 00000000
11100011 11001000 00000000 11100011 11011000 00000000
11100111 11100000 00000001 11100111 11100110 00000000
10101010 10101010 00000011 00110011 00110011 00110011
01011111 01011111 01011111 01101101 01101101 01101101
10000011 10000011 10000011 01110001 01110001 01110001
10111101 10111101 10111101 10111101 10111101 10111101
10111101 10111101 10111101 10111101 10111101 10111101
10111101 10111101 10111101 10010011 10010011 10010011
10000011 10000011 10000011 00110011 00110011 00110011
11000111 00100001 00000001 11100001 00100011 00000000
11100001 00100011 00000000 11011111 00101010 00000000
11011111 00101111 00000000 11011101 00111100 00000000
11011111 01000001 00000000 11011110 01010001 00000000
11011101 01011100 00000000 11011110 01100100 00000000
11011101 01111011 00000000 11011111 10001000 00000000
11011111 10011110 00000000 11100000 10101111 00000000
11100010 11000001 00000000 11100101 11010001 00000000
11100111 11100000 00000001 11100111 11100110 00000000
10101101 10101100 00000011 00110011 00110011 00110011
10111101 10111101 10111101 10010011 10010011 10010011
10000011 10000011 10000011 01110001 01110001 01110001
10111101 10111101 10111101 10111101 10111101 10111101
10111101 10111101 10111101 10001001 10001001 10001001
10111101 10111101 10111101 10111101 10111101 10111101
10000011 10000011 10000011 01111101 01111101 01111101
01111101 01111101 01111101 10000011 10000011 10000011
10000011 10000011 10000011 10000011 10000011 10000011
10000011 10000011 10000011 10001001 10001001 10001001
10001001 10001001 10001001 10001001 10001001 10001001
10001001 10001001 10001001 10001100 10001100 10001100
10001100 10001100 10001100 10010011 10010011 10010011
10010011 10010011 10010011 10011001 10011001 10011001
10011110 10011110 10011110 10011110 10011110 10011110
10011110 10011110 10011110 11000100 11010001 00010001
10001100 10001100 10001100 10001001 10001001 10001001
10111101 10111101 10111101 10111101 10111101 10111101
10000011 10000011 10000011 10010011 10010011 10010011