00000000000000000000000000000000000000000000000000000000000000000000000000000000
00000000000000000000000000000000000000000000000000000000000000000000000000000000
00000000000000000000000000000000000000000000000000000000000000000000000000000000
00000000000000000000000000000000000000000000000000000000000000000000000000000000
00000000000000000000000000000000000000000000000000000000000000000000000000000000
00000000000000000000000000000000000000000000000000000000000000000000000000000000
00000000000000000000000000000000000000000000000000000000000000000000000000000000
00000000000000000000000000000000011111111111111000000000000000000000000000000000
00000000000000000000000000000011111111111111111111000000000000000000000000000000
00000000000000000000000000011111100000000000000111111000000000000000000000000000
00000000000000000000000000111100000000000000000000111100000000000000000000000000
00000000000000000000000011110000000000000000000000001111000000000000000000000000
00000000000000000000000111000000000000000000000000000011100000000000000000000000
00000000000000000000011100000000000000000000000000000000111000000000000000000000
00000000000000000000111000000000000000000000000000000000011100000000000000000000
00000000000000000001110000000000000000000000000000000000001110000000000000000000
00000000000000000011100000000000000000000000000000000000000111000000000000000000
00000000000000000111000000000000000000000000000000000000000011100000000000000000
00000000000000000110000000000000000000000000000000000000000001100000000000000000
00000000000000001100000000000011111111111100000000000000000000110000000000000000
00000000000000011100000000011111111111111111100000000000000000011000000000000000
00000000000000011000000001111100000000000011111000000000000000011000000000000000
00000000000000110000000111100000000000000000011110000000000000001100000000000000
00000000000000110000001110000000000000000000000111000000000000001100000000000000
00000000000001100000011100000000000000000000000011100000000000000110000000000000
00000000000001100000111000000000000000000000000001110000000000000110000000000000
00000000000011100001110000000000000000000000000000111000000000000011000000000000
00000000000011000011100000000000000000000000000000011100000000000011000000000000
00000000000011000111000000000000000000000000000000001100000000000011000000000000
00000000000011000110000000000011100000000000000000000110000000000011000000000000
00000000000110001110000000111111111110000000000000000111000000000001100000000000
00000000000110001100000011111000011111100000000000000011000000000001100000000000
00000000000110011000000111000000000011110000000000000011100000000001100000000000
00000000000110011000001110000000000000111000000000000001100000000001100000000000
00000000000110011000011000000000000000011100000000000001100000000001100000000000
00000000000110011000110000000000000000001110000000000001100000000001100000000000
00000000000110110001110000000000000000000110000000000000110000000001100000000000
00000000000110110001100000000000000000000011000000000000110000000001100000000000
00000000000110110011000000011100000000000011000000000000110000000001100000000000
00000000000110110011000011111111000000000001100000000000110000000001100000000000
00000000000110110011000111100011110000000001100000000000110000000001100000000000
00000000000010110010001110000000111000000001100000000000110000000001100000000000
00000000000011110110011100000000011000000001100000000000110000000011000000000000
00000000000011110110011000000000001100000001100000000001100000000011000000000000
00000000000011011110011000000000001100000001100000000001100000000011000000000000
00000000000001111011110000000000001100000001100000000001100000000110000000000000
00000000000001111011110000000000001100000001100000000001100000000110000000000000
00000000000001111111110000000000001100000001100000000011000000001110000000000000
00000000000000111111111000000000001100000011000000000011000000001100000000000000
00000000000000111111111000000000011000000011000000000110000000011100000000000000
00000000000000011111101100000000011000000110000000000110000000011000000000000000
00000000000000001111111110000001110000001110000000001100000000110000000000000000
00000000000000001111111111111111100000011100000000011000000001110000000000000000
00000000000000000111111111111110000000111000000000111000000001100000000000000000
00000000000000000011111111100000000011110000000001110000000011000000000000000000
00000000000000000001111111111111111111000000000111100000000110000000000000000000
00000000000000000000111111011111111100000000001110000000011100000000000000000000
00000000000000000000011111110000000000000000111100000000111000000000000000000000
00000000000000000000001110111110000000000111110000000001110000000000000000000000
00000000000000000000000111101111111111111111000000000111100000000000000000000000
00000000000000000000000001111001111111111000000000011110000000000000000000000000
00000000000000000000000000011111000000000000000011111000000000000000000000000000
00000000000000000000000000000111111100000000011111100000000000000000000000000000
00000000000000000000000000000000111111111111111110000000000000000000000000000000
00000000000000000000000000000000000011111111000000000000000000000000000000000000
00000000000000000000000000000000000000000000000000000000000000000000000000000000
00000000000000000000000000000000000000000000000000000000000000000000000000000000
00000000000000000000000000000000000000000000000000000000000000000000000000000000
00000000000000000010000001000000001111100000000011000000000000000000000000000000
00000000000000000010000001000000001111110000000011000000000001100000000000000000
00000000000000000010011101001111001100110011110011111001111001111000000000000000
00000000000000000010011011011001101111100110011011001101101101100000000000000000
00000000000000000010010001011111101111100110011011001101000101100000000000000000
00000000000000000010011011011000001100110110011011001101001101100000000000000000
00000000000000000010011111001111101100110011110011111001111100111000000000000000
00000000000000000110000000000000000000000000000000000000000000000000000000000000
00000000000000001110000000000000000000000000000000000000000000000000000000000000
00000000000000000000000000000000000000000000000000000000000000000000000000000000
00000000000000000000000000000000000000000000000000000000000000000000000000000000
00000000000000000000000000000000000000000000000000000000000000000000000000000000